4 18
1 1 1 1 2 1 2 2 2 0 2 2 0 0 1 1 2 1 0 0 0 1 0 0 2 2 1 2 1 2 0 2 1 0 1 1
12 7
2 1 2 2 1 1 1 2 1 0 2 0 2 0 2 0 1 2 2 0 0 0 0 2 0 2 2 2 2 1 0 0 0 2 2 2 0 1 0 0 0 2
18 4
2 0 1 1 0 2 1 0 1 2 1 2 2 0 2 1 2 0 0 0 1 1 0 2 0 1 0 2 2 2 1 2 2 2 0 2
10 5
0 0 0 2 2 0 2 1 2 2 1 0 2 1 2 0 2 1 2 1 2 2 1 1 2
8 9
2 1 2 2 1 0 0 0 2 1 2 1 0 0 0 0 0 0 0 1 0 1 0 2 1 0 2 2 1 2 0 1 2 1 0 0
12 7
1 1 0 2 1 0 0 1 0 2 0 2 2 1 1 2 0 2 2 0 0 2 1 0 2 2 1 2 2 1 1 2 0 0 2 2 1 2 1 2 2 2
15 8
0 1 1 2 1 1 0 1 2 0 0 1 0 1 2 0 0 2 2 0 2 2 0 1 1 2 2 1 0 0 1 1 2 2 1 1 1 2 0 1 2 1 0 0 0 0 1 0 2 1 1 1 0 2 0 2 1 2 1 2
9 14
0 1 0 2 1 1 1 0 1 0 0 0 2 0 2 0 2 0 1 0 2 0 1 2 0 1 2 1 2 2 2 2 0 2 1 1 1 0 0 0 1 0 1 0 1 1 0 0 2 2 2 1 0 1 2 1 0 1 0 0 1 2 2
5 6
0 0 0 0 0 2 0 2 2 0 2 1 2 0 1
9 10
1 2 0 0 2 0 0 0 2 1 1 2 0 2 0 2 0 0 0 2 2 0 1 2 0 1 1 0 1 1 0 0 1 1 1 1 2 2 2 2 2 0 2 0 0
8 8
2 2 2 2 0 0 0 0 2 2 2 2 0 0 0 0 2 2 2 2 0 0 0 0 2 2 2 2 0 1 0 0
8 8
0 2 2 2 2 0 0 0 2 1 2 2 0 0 0 0 2 2 0 2 0 0 0 0 2 2 0 2 0 1 0 0
3 3
2 1 2 0 1
5 3
1 0 2 1 0 2 0 0
0 0