18 11
0 2 0 2 2 2 0 2 2 0 0 2 0 2 0 2 2 0 2 0 0 0 2 2 0 2 2 2 0 2 2 0 0 2 0 2 0 2 0 0 2 2 2 2 2 2 1 2 0 2 0 2 0 0 0 0 0 2 0 2 2 0 2 1 0 0 0 2 0 2 2 2 0 2 2 0 0 0 0 2 0 2 0 0 2 2 2 2 0 2 1 2 0 2 0 0 0 0 0
7 20
0 0 1 0 2 0 2 1 1 1 2 2 2 0 1 1 1 2 1 2 0 1 1 0 2 0 2 1 1 0 2 2 0 0 0 1 0 2 2 0 2 0 0 1 0 1 1 2 2 0 1 2 1 0 1 1 0 0 1 2 1 0 2 0 0 0 1 1 0 1
7 7
1 0 0 0 2 2 2 0 0 0 1 2 2 2 1 0 0 0 2 2 2 1 0 0 0
6 6
0 1 0 2 2 2 0 1 0 2 2 1 1 0 0 2 1 2
5 5
2 1 2 2 2 0 1 0 2 2 0 0 0
4 4
1 0 2 1 2 0 2 1
3 3
2 1 2 0 1
5 3
1 0 2 1 0 2 0 0
8 8
2 2 2 2 0 0 0 0 2 2 2 2 0 0 0 0 2 2 2 2 0 0 0 0 2 2 2 2 0 1 0 0
20 10
2 2 2 2 2 0 0 0 0 0 2 2 2 2 2 0 0 0 0 0 2 2 2 2 2 0 0 0 0 0 2 2 2 2 2 0 0 0 0 0 2 2 2 2 2 0 0 0 0 0 2 2 2 2 2 0 0 0 0 0 2 2 2 2 2 0 0 0 0 0 2 2 2 2 2 0 0 0 0 0 2 2 2 2 2 0 0 0 0 0 2 2 2 2 2 0 1 0 0 0 
12 7
2 1 2 2 1 1 1 2 1 0 2 0 2 0 2 0 1 2 2 0 0 0 0 2 0 2 2 2 2 1 0 0 0 2 2 2 0 1 0 0 0 2
10 5
0 0 0 2 2 0 2 1 2 2 1 0 2 1 2 0 2 1 2 1 2 2 1 1 2
12 7
1 1 0 2 1 0 0 1 0 2 0 2 2 1 1 2 0 2 2 0 0 2 1 0 2 2 1 2 2 1 1 2 0 0 2 2 1 2 1 2 2 2
11 10
2 1 1 1 1 0 2 1 1 0 2 1	1 1	0 0	2 1	1 2 0 0	1 2 2 2 2 2 2 2 2 1 0 0 1 2 1 0 1 0 1 1 1 0 2 0 1 2 1 2 1 2 0 2 1
10 5
2 2 1 2 2 1 1 2 2 0 1 2 2 2 0 0 1 1 2 1 0 1 1 1 1
3 12
0 0 1 1 1 2 0 2 2 2 1 0 0 1 2 2 1 0
16 11
2 2 1 1 1 0 1 0 0 0 0 1 0 1 0 0 1 2 2 2 1 0 0 2 0 0 2 1 0 0 0 1 2 0 0 0 0 2 2 1 2 0 2 1 2 0 2 0 0 1 2 1 2 1 0 2 2 1 1 1 1 1 0 1 1 0 1 0 2 1 2 0 2 2 1 1 0 0 2 0 1 2 0 1 1 0 1 2
7 16
1 1 1 1 2 2 1 0 1 0 0 1 0 1 0 1 0 2 2 2 2 0 1 2 1 0 2 0 2 1 1 2 0 0 0 0 2 2 1 1 2 2 2 0 1 1 2 2 0 2 1 0 0 2 2 2
0 0